Filename,0,1,2,3,4,5,6,7,8,9
lbp_P100_L_CM_CC.jpg,0.6207746204213106,0.1758519585755647,0.11348588366469517,0.05712148812282336,0.022832076865544945,0.00730938473609588,0.0021290361064334514,0.0004267249092636013,6.882659826832279e-05,0.0
lbp_P100_L_CM_MLO.jpg,0.6200999777315345,0.17681161646023544,0.11259780847583871,0.0571147747429528,0.023558500794753856,0.007429220834069217,0.0020003225088114016,0.00034170576446106474,4.223329673114283e-05,3.839390611922076e-06
lbp_P100_R_CM_CC.jpg,0.6201571293035104,0.1778199446343397,0.1127328022042291,0.05677579506907711,0.02289032140675565,0.007307357394434841,0.0018942593868188139,0.0003574074314752479,5.523569395526559e-05,9.747475403870398e-06
lbp_P100_R_CM_MLO.jpg,0.6197633804177523,0.1778058197911541,0.11314147363463739,0.056181301679401295,0.023133654743108658,0.00750492831676473,0.0019411379355107486,0.0004709448179466202,5.1320909648029126e-05,6.037754076238721e-06
lbp_P101_L_CM_CC.jpg,0.619590140909477,0.17698935829680487,0.11289416437479177,0.057069318055619066,0.023112551199723014,0.00787185534077621,0.0020577879106593415,0.00032663300169195897,8.165825042298974e-05,6.532660033839179e-06
lbp_P101_L_CM_MLO.jpg,0.6207223368396184,0.17609810638631038,0.11308112622351399,0.05694027411108944,0.023067857466628938,0.007593135409999094,0.001988939955441152,0.00044229189616854344,5.4943092691744524e-05,1.0988618538348906e-05
lbp_P101_R_CM_CC.jpg,0.6207706424077805,0.1770507719331721,0.113194417163798,0.0564400720583201,0.02238353658194389,0.007666017543170454,0.0019501764979880914,0.0004826336081351823,5.892619634208621e-05,2.806009349623153e-06
lbp_P101_R_CM_MLO.jpg,0.6195145663189345,0.17691835888091173,0.11394482944669111,0.057214189913139084,0.02275231786056952,0.007194720647855708,0.0019621965403242843,0.00041229032364790405,7.126005593914391e-05,1.527001198695941e-05
lbp_P102_L_CM_CC.jpg,0.6229466718567536,0.17489295445698716,0.11245620864149475,0.05680225768781627,0.02285908913974309,0.007454262358894512,0.002053328143246399,0.0004671078240560529,6.811989100817439e-05,0.0
lbp_P102_L_CM_MLO.jpg,0.6189634208371886,0.17748959690741126,0.1129250250691521,0.05720126532609275,0.023456006665730104,0.007755693240775278,0.001734252454839194,0.0004166081316094153,5.813136720131377e-05,0.0
lbp_P102_R_CM_CC.jpg,0.6200757015076864,0.17572053879173627,0.11401746632551649,0.05675498509230086,0.023373016712129862,0.007577199326157902,0.0020158874486336372,0.0003876706631987764,7.753413263975528e-05,0.0
lbp_P102_R_CM_MLO.jpg,0.6204050374404356,0.17649123553437712,0.11267231109598366,0.057362576582709324,0.023102450646698434,0.0074774506466984345,0.0019996596324029954,0.0003935500340367597,8.509189925119128e-05,1.063648740639891e-05
lbp_P103_L_CM_CC.jpg,0.6197047210827917,0.17708746216834892,0.11301562427985436,0.056972546127728875,0.023007789095266625,0.007656972546127729,0.0020678742068795993,0.00041326757923522455,6.759767095297353e-05,6.145242813906685e-06
lbp_P103_L_CM_MLO.jpg,0.619525541550647,0.17693023315911544,0.11315388243198718,0.057613042438964514,0.02292666696815624,0.007397262043970101,0.0019494531194480156,0.0004247772745773224,6.460490868096158e-05,1.4536104453216355e-05
lbp_P103_R_CM_CC.jpg,0.6204837980305209,0.176643988633986,0.11320286715127463,0.05668495757992994,0.02301044134421339,0.007419293876256235,0.0020619461261735545,0.0003982154548092953,8.436768110366426e-05,1.012412173243971e-05
lbp_P103_R_CM_MLO.jpg,0.6194015418887208,0.17749385438709364,0.11326894540910629,0.056868768385702755,0.02303721582351213,0.007540230056045014,0.0018966793235920874,0.00042582310304175295,5.9503665053869413e-05,7.437958131733677e-06
lbp_P104_L_CM_MLO.jpg,0.6207904914630695,0.1756815394774078,0.11349243782033142,0.05579976731754866,0.0239348489136245,0.007842027481684118,0.0020186774832562965,0.00041505518347325726,2.515485960443983e-05,0.0
lbp_P104_R_CM_CC.jpg,0.620063032649496,0.17739441441016077,0.11279185061025992,0.05687103094973914,0.0230529521471234,0.007454141976911636,0.0019476380462239429,0.00034821407493094736,7.672513515427655e-05,0.0
lbp_P105_L_CM_CC.jpg,0.6196186054862332,0.17651786210463769,0.1135313404379924,0.05701681264988394,0.023342353087021386,0.007472288837306727,0.002032650653397797,0.0003932783598582488,6.198408932548487e-05,1.2824294343203764e-05
lbp_P105_L_CM_MLO.jpg,0.6193261544454647,0.17742506091719634,0.11295817085435125,0.056858699929642126,0.02332939806257478,0.007522727182385887,0.002106761113164872,0.0004034646282759142,6.757535646000533e-05,1.9875104841178036e-06
lbp_P105_R_CM_CC.jpg,0.6193057128908565,0.17705790623711365,0.112793216386465,0.05767635641461946,0.02313263405362619,0.007465197958090615,0.0019646505102403557,0.0005213789050095033,7.583693163774594e-05,7.109712341038682e-06
lbp_P105_R_CM_MLO.jpg,0.6209162564551687,0.1755705211447669,0.11270296660928739,0.057260491851136006,0.023463091031719667,0.007578091182717764,0.0020435075851377607,0.00038252851347406354,7.046577879785381e-05,1.2079847793917797e-05
lbp_P106_L_CM_MLO.jpg,0.6225659793925895,0.17632796704544226,0.11212442291682434,0.05637845844460542,0.022923852050469776,0.0073088192364662505,0.0019109967456293045,0.0003946329913180742,6.216821096106648e-05,2.7029656939594124e-06
lbp_P106_R_CM_CC.jpg,0.6193316979418627,0.17670795125809963,0.1136673225367035,0.05767467894257377,0.02263179989205274,0.0074335110560269126,0.0019904560914524617,0.0004683426097535204,7.996093337255226e-05,1.4278738102241476e-05
lbp_P107_L_CM_CC.jpg,0.6209145191703331,0.1784479662386639,0.11177830654574841,0.05623709257430188,0.02253187572955015,0.0076995600251414205,0.0019922330968842597,0.00034793930142767353,4.4895393732603036e-05,5.6119242165753795e-06
lbp_P107_R_CM_CC.jpg,0.6201098344424233,0.17745630799696055,0.11283934698012849,0.056603882198530936,0.023066384213313685,0.007564070091413571,0.0019169218724815215,0.00039720002763130627,3.4539132837504894e-05,1.1513044279168297e-05
lbp_P107_R_CM_MLO.jpg,0.6208647566474887,0.17701368371948376,0.11220066863629295,0.05741719794744208,0.022488726481107137,0.007556173223448919,0.00199230290779039,0.0004567718861763334,9.71855076970922e-06,0.0
lbp_P108_L_CM_CC.jpg,0.6210647085819183,0.17514706495890525,0.11388042888731278,0.05656055738662439,0.023096499645375277,0.007705786641078059,0.0019733822854520423,0.0005048187241854062,6.258083357670324e-05,4.172055571780216e-06
lbp_P108_R_CM_CC.jpg,0.620620089602057,0.17652069869469086,0.11329200435232117,0.05682799425369696,0.022934873941445017,0.007488780382028476,0.001870259009575881,0.00037172849879769064,6.582692166209105e-05,7.744343724951888e-06
lbp_P109_L_CM_CC.jpg,0.6203064137281559,0.17685297491013158,0.1128695964441057,0.056588701314405694,0.02330166105408961,0.007555908962656514,0.0020007402005870305,0.000450716199033342,6.595846815122079e-05,7.328718683468976e-06
lbp_P10_L_CM_CC.jpg,0.618957784463554,0.17638528443894708,0.11369355595436903,0.05725853284032113,0.02351103863933883,0.007716712654162005,0.0020308865361081127,0.00037730525307339734,6.233738963821348e-05,6.561830488232998e-06
lbp_P10_L_CM_MLO.jpg,0.6196282595789377,0.1759658857377723,0.11372847878704845,0.05779615929122711,0.02301685162351007,0.007455359181623053,0.001906653879526876,0.0004110152075626798,8.84824405169658e-05,2.854272274740832e-06
lbp_P10_R_CM_CC.jpg,0.6218400224064066,0.17458065787699298,0.11328461323015321,0.056840696673271025,0.023511166896608957,0.007486955529506956,0.0019242538977811434,0.0004434601300816382,7.780002282134003e-05,1.037333637617867e-05
lbp_P10_R_CM_MLO.jpg,0.6194277787609104,0.176801178236869,0.11276879955701948,0.05730204307643127,0.02327931178179784,0.007986208235099356,0.0019837079068599187,0.00039103306940979697,5.423086364077476e-05,5.708511962186817e-06
lbp_P110_L_CM_MLO.jpg,0.6582177313466918,0.18290803219729407,0.09619227036593024,0.04315807501284467,0.014328937603470914,0.0042244676599874405,0.0007992236113489753,0.00017126220243192326,0.0,0.0
lbp_P110_R_CM_CC.jpg,0.6462271341463415,0.1826219512195122,0.103125,0.045160060975609755,0.01673018292682927,0.004611280487804878,0.0010670731707317074,0.00034298780487804876,7.621951219512195e-05,3.8109756097560976e-05
lbp_P110_R_CM_MLO.jpg,0.655362558588365,0.18240970499035014,0.10113041080783017,0.042514474772539286,0.013289219740832645,0.003970223325062035,0.0011579818031430935,0.00011028398125172319,5.5141990625861594e-05,0.0
lbp_P111_L_CM_CC.jpg,0.6193625470545661,0.17612098049652858,0.11278160937146971,0.05824618106482137,0.023271666162453616,0.007854235198155729,0.00191090363914174,0.0003752876886490792,6.127145937127824e-05,1.531786484281956e-05
lbp_P111_L_CM_MLO.jpg,0.6197024565138433,0.17735735066186703,0.1130658055143,0.0573294447221453,0.023112303426748707,0.007195848631853767,0.0017908708738946406,0.00035601649902724787,8.63070300672116e-05,3.5961262528004835e-06
lbp_P111_R_CM_CC.jpg,0.6204948990666377,0.17818537008899502,0.11271109181680052,0.0560408074668982,0.02260039070978945,0.007670935532884741,0.0018667245495984372,0.0003776861298024745,5.209463859344476e-05,0.0
lbp_P111_R_CM_MLO.jpg,0.6203389830508474,0.1770829418617761,0.11278138975534593,0.05718741779097298,0.022721635536848434,0.007625239580593033,0.0018264496974707805,0.0003682964410537788,6.388815814198204e-05,3.758126949528355e-06
lbp_P112_L_CM_CC.jpg,0.6193633344033963,0.17616074528790152,0.11306415791508068,0.0576327150990245,0.023932284671676306,0.007331022870956964,0.0020571413596787193,0.0004127385530565583,3.930843362443412e-05,6.551405604072354e-06
lbp_P113_L_CM_CC.jpg,0.6197779590678537,0.1777462490689178,0.11341113042244529,0.056836803461852235,0.022480757634873904,0.00713652325045224,0.0020714361720994574,0.0004540134075834427,7.803355442840422e-05,7.093959493491292e-06
lbp_P113_L_CM_MLO.jpg,0.620730614850853,0.17648689179357482,0.11328935060307153,0.05647144999480324,0.022890486961083697,0.007582319140406535,0.0020193121470534377,0.00044543650302649357,6.929012269301011e-05,1.4847883434216452e-05
lbp_P113_R_CM_MLO.jpg,0.6194460335621663,0.17829106280193235,0.11320874650394101,0.055793923213831684,0.023431540808543098,0.007397342995169082,0.0019228324434274091,0.000421116196287821,7.151029748283753e-05,1.5891177218408338e-05
lbp_P114_L_CM_CC.jpg,0.6524121599295076,0.1789018614384844,0.10133274589712524,0.045049014208613285,0.01654917942504681,0.00451591584976319,0.001018834673422183,0.00011014428901861439,8.260821676396079e-05,2.7536072254653597e-05
lbp_P114_L_CM_MLO.jpg,0.6525021949078139,0.17746561311091602,0.10210711150131695,0.04544922446590577,0.01571553994732221,0.0050629206906643255,0.0013754755633596722,0.000292654375182909,2.92654375182909e-05,0.0
lbp_P114_R_CM_CC.jpg,0.647705413575158,0.17672437482824951,0.10541357515801045,0.04657873042044518,0.016652926628194557,0.005523495465787304,0.0012640835394339103,0.00010992030777686178,2.7480076944215445e-05,0.0
lbp_P114_R_CM_MLO.jpg,0.6528397722025551,0.1795444051100508,0.10293212251808527,0.043404648299215025,0.015237802062490381,0.0045405571802370325,0.001269816838540865,0.00011543789441280592,0.00011543789441280592,0.0
lbp_P115_L_CM_CC.jpg,0.6171163853155908,0.1786567024570835,0.11338226823612814,0.05691020888409714,0.023763458329025683,0.0077193086098844566,0.0019692113800725652,0.0004086113613650573,6.399936985235838e-05,9.846056900362828e-06
lbp_P115_L_CM_MLO.jpg,0.6209051511868413,0.17795725401359205,0.1124790702255491,0.056003151777799666,0.022643553629469123,0.007662759775435832,0.0018073475819954693,0.00044321875307790803,8.86437506155816e-05,9.849305623953511e-06
lbp_P115_R_CM_CC.jpg,0.620550316342366,0.17672794556523816,0.1141279694401337,0.056076160916795986,0.02259758863554972,0.007460904858541244,0.0019816163304285546,0.00041184194819147665,5.968723886832995e-05,5.968723886832995e-06
lbp_P115_R_CM_MLO.jpg,0.6211154987613745,0.17684138235510535,0.11338941894974369,0.05614284663118393,0.023104657722400727,0.007211007824188762,0.0018456746216673615,0.00029432684996688824,5.5186284368791545e-05,0.0
lbp_P116_L_CM_MLO.jpg,0.6205795215971834,0.17660025094721785,0.11303106627904468,0.05668509207049952,0.023433044261046764,0.007361940494063896,0.0018189048959370597,0.0004131072136535017,5.549201377435097e-05,2.1580227578914267e-05
lbp_P116_R_CM_CC.jpg,0.6201641958537594,0.17640110205088474,0.11360991150934416,0.05686054470219958,0.022958235328860738,0.007507982225434028,0.0019734076372265284,0.00044471158022006273,6.948618440938481e-05,1.042292766140772e-05
lbp_P116_R_CM_MLO.jpg,0.6201434171406207,0.17610892632828132,0.11323136744961147,0.057022831857289846,0.023011759953035938,0.007843124877697751,0.0021272700875526293,0.00046711568688099283,3.471805780872244e-05,9.468561220560665e-06
lbp_P117_R_CM_CC.jpg,0.6206068392391072,0.1749798896971591,0.1140355445985752,0.05756465679381008,0.022442519256700058,0.007731615710920907,0.002071795227926411,0.0004745452756702952,8.101992511444064e-05,1.1574275016348663e-05
lbp_P118_L_CM_CC.jpg,0.6227473900429875,0.17627003790525803,0.11123816784194143,0.05683671092476124,0.02330432204646041,0.007581051606208839,0.0016835016835016834,0.000307053766173263,2.1176121805052622e-05,1.0588060902526311e-05
lbp_P118_R_CM_CC.jpg,0.620774093734162,0.17667582490863987,0.11320654058523834,0.05597908719891168,0.02329750060017605,0.007554215903331644,0.001968577449385153,0.0004908106377870842,4.267918589452906e-05,1.0669796473632265e-05
lbp_P118_R_CM_MLO.jpg,0.6209551546801575,0.17660695380727015,0.1125254731626893,0.056921795821355196,0.0228139109621428,0.007816651811680621,0.0019332404373642652,0.0003640517706724915,6.276754666767095e-05,0.0
lbp_P119_L_CM_CC.jpg,0.6170550052528891,0.1794705838211016,0.11358434639051479,0.05674996247936365,0.022981389764370405,0.0077855320426234425,0.0019135524538496174,0.00036582620441242685,9.380159087498125e-05,0.0
lbp_P119_L_CM_MLO.jpg,0.6204107031736155,0.17597078203420782,0.11337664074812881,0.05729605871508412,0.023233633228457274,0.007321938481759127,0.0019133580305788344,0.00040128177541015066,6.397245694944431e-05,1.1631355808989876e-05
lbp_P119_R_CM_CC.jpg,0.6209125881598632,0.17612890422251395,0.1127835618111318,0.057040576435746344,0.023379537752266966,0.007480230818550973,0.0018929563704088174,0.0003282142093853998,4.579733154214881e-05,7.632888590358135e-06
lbp_P119_R_CM_MLO.jpg,0.6196805803003309,0.17477093407991856,0.11448841944515144,0.05720921354034105,0.02426826164418427,0.007330109442606261,0.0017943497073046578,0.0003817765334690761,7.635530669381522e-05,0.0
lbp_P11_R_CM_CC.jpg,0.6200486873975485,0.1764673500844078,0.11303917011229907,0.05719545910503266,0.02315709637168791,0.00767621657328799,0.0019328162845888483,0.00040980598439067353,6.116507229711545e-05,1.2233014459423091e-05
lbp_P11_R_CM_MLO.jpg,0.6214700963605957,0.1758859600222983,0.112001274189695,0.05769424756443949,0.02304690610814685,0.007629210798757665,0.0019006662950280056,0.00030792917628945344,5.840036102041358e-05,5.309123729128507e-06
lbp_P120_L_CM_MLO.jpg,0.6200893032000313,0.1774460459833144,0.11420430065410678,0.055569699580901646,0.022384552113117386,0.007667149739532334,0.0021493478516313503,0.00039168070189181777,9.302416669930672e-05,4.8960087736477225e-06
lbp_P121_L_CM_CC.jpg,0.6206992314611897,0.176588846829551,0.1136809567795024,0.05647824485779315,0.02277845193462892,0.007347303473215849,0.0019922844257692935,0.0003682707574906876,6.0372255326342226e-05,6.037225532634223e-06
lbp_P121_R_CM_MLO.jpg,0.6214843860193517,0.17641776448794982,0.11275353324494344,0.05647550001410477,0.022962565939800842,0.007367391651856658,0.002026385323516413,0.00041844151692102267,8.462862139975739e-05,9.4031801555286e-06
lbp_P122_L_CM_CC.jpg,0.6201525727534671,0.17956968855337294,0.11182958834721007,0.05620232101454152,0.022164037121550444,0.007549108972672715,0.0020310406636364193,0.0004221138728641956,6.729351596385726e-05,1.2235184720701321e-05
lbp_P122_L_CM_MLO.jpg,0.6216466320572259,0.17624441298131646,0.1120318702978818,0.05714259274682361,0.02307912976689524,0.007481746758835124,0.0019525647076242562,0.00035627365518262495,6.477702821502272e-05,0.0
lbp_P122_R_CM_CC.jpg,0.6209294021628239,0.17674964293001427,0.11250255049989798,0.056881248724750054,0.0230616200775352,0.007478065700877372,0.0019179759232809631,0.0003978779840848806,6.12119975515201e-05,2.040399918384003e-05
lbp_P122_R_CM_MLO.jpg,0.6206544409730936,0.17557486434326564,0.11381318747890505,0.05741287246103385,0.02248829500904378,0.007503310283948801,0.0020597322348094747,0.00044137119317345886,3.4617348484192855e-05,1.7308674242096427e-05
lbp_P123_L_CM_CC.jpg,0.620037823072074,0.17444000840512713,0.11456188274847658,0.05699516705190166,0.023744484135322548,0.007648665686068502,0.002025635637739021,0.0004622819920151292,7.564614414793023e-05,8.405127127547804e-06
lbp_P123_L_CM_MLO.jpg,0.6222082979009086,0.1753345566844202,0.11214548926584016,0.057519879455161196,0.02257977890166943,0.0077279983290814425,0.0019096212087305494,0.0004923242178758448,7.459457846603709e-05,7.459457846603708e-06
lbp_P123_R_CM_CC.jpg,0.6224600106271873,0.17621892005789985,0.11208934166407095,0.05672719277351265,0.022637741173021603,0.007521483408761933,0.0018597577734210382,0.0004122615753889001,5.4968210051853345e-05,1.8322736683951114e-05
lbp_P123_R_CM_MLO.jpg,0.6204502791389356,0.17496160315951145,0.11456885833394281,0.0567663765572052,0.023172188498013117,0.0076549891513688776,0.0019685999171115826,0.0003656841951290865,6.094736585484775e-05,3.0473682927423875e-05
lbp_P124_L_CM_CC.jpg,0.6208591323201368,0.17603248066378968,0.11212396022265307,0.05754998227948381,0.023464048199804032,0.007557278962620134,0.0019336210311255654,0.000390893739445869,6.775491483728396e-05,2.0847666103779684e-05
lbp_P124_L_CM_MLO.jpg,0.6210943629117459,0.17750185671398236,0.11238088264521595,0.056736995156853105,0.02268329166623082,0.007379784307367232,0.0017678009184196486,0.0003608824360087449,8.891306394418352e-05,5.230180232010795e-06
lbp_P124_R_CM_CC.jpg,0.6217545926604704,0.17715560500938168,0.11215473229480298,0.05660099489461971,0.02287057642797923,0.007150805079198848,0.0018163372169132084,0.0004254483571148056,6.545359340227778e-05,5.454466116856482e-06
lbp_P124_R_CM_MLO.jpg,0.6197288978615365,0.17644806082068207,0.11415697825603881,0.056740438850723614,0.022907043265707517,0.007621497160850468,0.001905374290212617,0.0004444297351860695,3.782380724987826e-05,9.455951812469564e-06
lbp_P125_L_CM_CC.jpg,0.619936032845681,0.17573344319997714,0.11384057746670065,0.0572227395374646,0.023262515390459225,0.007473154514256864,0.002009988021042955,0.00040247390468751114,0.00010954911015163025,9.526009578402631e-06
lbp_P125_L_CM_MLO.jpg,0.6210755305253671,0.17730081137155418,0.11282799700796732,0.05665647210066772,0.02228927100084408,0.0074343319738037015,0.001967238614606518,0.00039573520968247394,4.803722198457776e-05,4.57497352234074e-06
lbp_P125_R_CM_CC.jpg,0.6193325935320229,0.1770717739378567,0.11279327837666456,0.05725616280913126,0.023494471306277742,0.007512781388712746,0.00200142675967026,0.000458247463538364,7.678741280913126e-05,2.477013316423589e-06
lbp_P125_R_CM_MLO.jpg,0.6205122499789519,0.17566722393947776,0.11371071527368509,0.057034266264147315,0.023110785033015408,0.007481086802256354,0.00188530603899306,0.0004901194327844797,8.719916288803627e-05,2.104807380056048e-05
lbp_P126_L_CM_CC.jpg,0.6192379570854533,0.17823354704135277,0.11313642548190188,0.05716645401748135,0.022479048319894963,0.007253013706607654,0.0020382556766744137,0.0004129453059236475,4.235336471011769e-05,0.0
lbp_P126_L_CM_MLO.jpg,0.6196642181530496,0.17820071803037357,0.11298713654093624,0.056596215569342,0.022677542273161988,0.007610921672600181,0.0017425004882005678,0.00045064667798290546,5.007185310921172e-05,2.0028741243684686e-05
lbp_P126_R_CM_CC.jpg,0.6208797383009539,0.17630350097388003,0.11252684412925136,0.056959496578934225,0.023273235778854318,0.007672426709284323,0.001872846226839135,0.00044324027368526197,6.24282075613045e-05,6.24282075613045e-06
lbp_P126_R_CM_MLO.jpg,0.620104582772949,0.1769476283196499,0.11380151353955477,0.056451612903225805,0.023390609631250378,0.006819961057470341,0.0020525121946323543,0.00037637754180299896,5.0183672240399865e-05,5.0183672240399865e-06
lbp_P127_L_CM_MLO.jpg,0.6191495985412697,0.17727815428194138,0.11308923091659853,0.05674474614192516,0.0236325258544896,0.007577597679168277,0.0020526223961629645,0.0004173665538864695,4.105244792325929e-05,1.710518663469137e-05
lbp_P128_L_CM_CC.jpg,0.6211302632707315,0.17484076681401095,0.11333037085545447,0.05776052264346579,0.02314630742724388,0.007281458786475509,0.0019567945989350673,0.0004599636706660118,7.016394976261197e-05,2.338798325420399e-05
lbp_P128_L_CM_MLO.jpg,0.6195958008998071,0.17524816110833394,0.11602513747054202,0.05625937299150182,0.022952224523316432,0.007419838606012997,0.001978147539812897,0.00042133828465328857,9.28372491608941e-05,7.141326858530315e-06
lbp_P128_R_CM_CC.jpg,0.6231030749653378,0.1747925015669218,0.11205865035801789,0.05733034510265712,0.022231296651535584,0.00795806347457788,0.002060739587092363,0.00038935632751514694,6.647547055136655e-05,9.496495793052364e-06
lbp_P128_R_CM_MLO.jpg,0.6200118484200997,0.1754897457914811,0.11475660815677191,0.056186805652628284,0.023204265431235896,0.007788006470036145,0.002169991546351951,0.000372759284035918,1.3312831572711358e-05,6.656415786355679e-06
lbp_P129_L_CM_CC.jpg,0.6220684563980233,0.17659778422957628,0.11235862205743814,0.05641344887806652,0.022612207121096097,0.007497920304985208,0.0019089121129150439,0.0004627665728278894,7.161863627098289e-05,8.263688800498025e-06
lbp_P129_L_CM_MLO.jpg,0.6198849942117549,0.1773290569904921,0.11298085134647866,0.056842464843527604,0.023023931072438466,0.007517127512193271,0.0019395365608335072,0.0004042282656140284,5.883134382176e-05,1.8977852845729034e-05
lbp_P129_R_CM_CC.jpg,0.6204897303053263,0.1780225462289845,0.11190690721438372,0.056849364159482316,0.022789404705834168,0.007494931706018471,0.0019377265373825077,0.0004428357872749985,5.8874122007658756e-05,7.679233305346795e-06
lbp_P129_R_CM_MLO.jpg,0.6202846349006463,0.17829265356765867,0.11250902794496194,0.05651262060408526,0.022511990962795606,0.0073195799922220785,0.002039389618326265,0.00044445267504953794,8.102001888923869e-05,4.629715365099354e-06
lbp_P12_L_CM_CC.jpg,0.6186243885188896,0.17881770495668062,0.11314905404608946,0.056890827292194655,0.022541796821280526,0.007477259778786272,0.0019528103573603663,0.0004675743109172708,7.465472191116088e-05,3.929195890061099e-06
lbp_P12_L_CM_MLO.jpg,0.6199744063509671,0.177685411954172,0.11349413451032934,0.0562124740638772,0.022793717193519393,0.007624635390737505,0.0017775223610308293,0.00036085040411904055,6.682414891093344e-05,1.0023622336640014e-05
lbp_P12_R_CM_CC.jpg,0.6218583063315527,0.17719313609358364,0.11210770599324303,0.0568166629025493,0.02220675605293117,0.007337724291462521,0.002032623374707897,0.0003779481104899037,5.530947958388835e-05,1.3827369895972088e-05
lbp_P12_R_CM_MLO.jpg,0.6204989910800158,0.17721915250721332,0.11222961887340412,0.05680502385577159,0.02333905368962981,0.007400003771663492,0.0019348633714899957,0.0004903162539838195,7.166160635148132e-05,1.1314990476549683e-05
lbp_P130_L_CM_CC.jpg,0.6186390838715865,0.17715282352614534,0.11358720206770001,0.05732365108571919,0.02319852393680794,0.007592335981059545,0.0020192382928349854,0.0004265640893613907,5.3005005186918364e-05,7.572143598131195e-06
lbp_P131_L_CM_MLO.jpg,0.6208015708015708,0.17604527604527603,0.11284361284361284,0.057813582813582814,0.022672672672672672,0.007519057519057519,0.001848001848001848,0.00037537537537537537,7.507507507507507e-05,5.775005775005775e-06
lbp_P132_L_CM_CC.jpg,0.6195997540837609,0.17647363007992278,0.11346046666628362,0.05707784857765035,0.02355165102876875,0.007463672770522227,0.0019248116844687807,0.0003619795108105468,8.618559781203496e-05,0.0
lbp_P132_L_CM_MLO.jpg,0.619190216791565,0.175489812501881,0.11404379972111034,0.05781944402644436,0.02349494888694937,0.007574161575425608,0.0019462084048113481,0.00036616807616295983,5.517601147661039e-05,2.006400417331287e-05
lbp_P132_R_CM_CC.jpg,0.6217673765269521,0.17568414979807861,0.1126056638322422,0.05638748839892643,0.023710086036069934,0.007525020693806908,0.001912609426342589,0.00033862593122131084,6.897935635989666e-05,0.0
lbp_P132_R_CM_MLO.jpg,0.6190104637643715,0.1767006846660638,0.11323601601860225,0.05782198682340783,0.022906601214313396,0.007792274899883736,0.002030745381733626,0.0004030487017181243,9.301123885802867e-05,5.16729104766826e-06
lbp_P133_R_CM_CC.jpg,0.6185855868242779,0.17859837012868773,0.11278664887904541,0.05663301139720774,0.022831576248323122,0.008060170716571101,0.0020178297367902756,0.00042734883928339173,4.8308999223339933e-05,1.1148230590001524e-05
lbp_P134_R_CM_MLO.jpg,0.6194273987943143,0.1781612299016863,0.11307353204503273,0.05626248816910295,0.023371883819880455,0.007284706096358215,0.0019071548149263997,0.0004263386322488226,7.958321135311355e-05,5.684515096650968e-06
lbp_P135_L_CM_MLO.jpg,0.6229533050333536,0.17719670613769112,0.11322651686827742,0.05484184992499441,0.022054833870607384,0.007325013564839935,0.0018751396380581532,0.00045482110369921165,6.383454087006479e-05,7.979317608758098e-06
lbp_P136_L_CM_MLO.jpg,0.6194262875223782,0.17656854989799742,0.11343103376493609,0.0581518797618552,0.02262271535034764,0.007405595570173612,0.001946375785836213,0.00039031599983346517,5.204213331112869e-05,5.204213331112869e-06
lbp_P136_R_CM_CC.jpg,0.6194663901413373,0.1765713532744762,0.1138661793098707,0.056615123720258724,0.023168544861842368,0.00788326353360413,0.0019249829558800782,0.00042395457956882673,6.302027534131208e-05,1.718734782035784e-05
lbp_P136_R_CM_MLO.jpg,0.621271544561037,0.17815393381131,0.11191301457670576,0.056564265704382506,0.022648497222354114,0.0070794359242201226,0.0018707563743411994,0.00042733013627083236,6.172546412800912e-05,9.49622525046294e-06
lbp_P137_L_CM_MLO.jpg,0.6213382726638168,0.17743267348866068,0.11291875196744422,0.05585488587683001,0.02272426582965697,0.007326876314480845,0.0019298061525687407,0.0003877861063081394,6.843284228967166e-05,1.8248757943912442e-05
lbp_P138_L_CM_CC.jpg,0.6216268772811584,0.17502094178184646,0.1127415784120146,0.05687189612876204,0.02364177586310058,0.007830730569018129,0.0018772811583797045,0.00033656435110393106,4.487524681385748e-05,7.479207802309579e-06
lbp_P138_L_CM_MLO.jpg,0.6195820793645869,0.17773261766622195,0.11376469858211039,0.05654494120567156,0.022385281250969565,0.0074772734324097916,0.0019623964506220717,0.00041885141633830783,0.00012410412335949863,7.756507709968664e-06
lbp_P138_R_CM_CC.jpg,0.619982936249461,0.17640798877095126,0.11398768841224553,0.05671403539352128,0.022861756098456004,0.007651165564250525,0.0018623340642000678,0.0004770510903369632,4.587029714778492e-05,9.174059429556984e-06
lbp_P138_R_CM_MLO.jpg,0.6191965665860445,0.17770826892651256,0.1132772008947244,0.05678105318033304,0.0230288481938812,0.0074499748434535395,0.0020670800826832034,0.00044251274497323706,4.243272897003643e-05,6.061818424290919e-06
lbp_P139_R_CM_CC.jpg,0.6223733801435283,0.17614487066962672,0.11266714853632093,0.05608188342196293,0.02266508338065982,0.0074732820486344154,0.0020393412153441068,0.0004904744695131396,5.16288915276989e-05,1.2907222881924726e-05
lbp_P139_R_CM_MLO.jpg,0.6228021252238236,0.17442099392373853,0.11288050019080048,0.0561540493732938,0.02364458273402413,0.0076320192561716614,0.0020107435347990724,0.0004109548830246279,2.9353920216044852e-05,1.4676960108022426e-05
lbp_P13_R_CM_CC.jpg,0.620864283187767,0.1761250782249068,0.11327306614426033,0.05651239354610508,0.02336203847304982,0.007455173727314777,0.001928414007019835,0.0003775202024324545,8.842815552471907e-05,1.360433161918755e-05
lbp_P140_L_CM_CC.jpg,0.6186843779094957,0.17764862049575503,0.11364662936366737,0.05760455748011172,0.02242328149629889,0.0074851817368940185,0.0020787050266867007,0.000364119062324278,5.070012260211466e-05,1.3827306164213089e-05
lbp_P140_L_CM_MLO.jpg,0.6213856940966905,0.17692206322734852,0.11231329210271604,0.0564292952472701,0.022793472778249866,0.007679619018190246,0.0019585300573017727,0.0004589594797853342,4.544153265201329e-05,1.3632459795603986e-05
lbp_P140_R_CM_CC.jpg,0.6217926148790662,0.1762048032092522,0.11367879738394734,0.05650332341111076,0.022191637593487606,0.007505681272605064,0.001707049045652893,0.00036274792220123976,4.8010754408987614e-05,5.334528267665291e-06
lbp_P140_R_CM_MLO.jpg,0.6194759420539795,0.17794472708459083,0.11218957489005778,0.05679809433474174,0.023109424851254636,0.00803548331465034,0.0019563249116150727,0.00040958868672932657,7.006122273001639e-05,1.0778649650771752e-05
lbp_P141_L_CM_CC.jpg,0.6204464515341596,0.1766059744822566,0.11347418802226591,0.05652786072037278,0.022749761343277726,0.007863684511069748,0.0017784829714614508,0.0004402617159745258,9.589859159841157e-05,1.743610756334756e-05
lbp_P141_L_CM_MLO.jpg,0.6200041973268274,0.17715670457377458,0.11347538661315075,0.056614724747176645,0.023045947612114533,0.0072600637469011926,0.0019117512034523014,0.0004525242985873372,6.886239326329044e-05,9.837484751898635e-06
lbp_P141_R_CM_CC.jpg,0.6204638065394134,0.17668260274456127,0.1136651541119395,0.056185459865007434,0.02297462124034717,0.007502637492793468,0.0020629311663404935,0.00038827031457739324,7.059460265043514e-05,3.921922369468619e-06
lbp_P141_R_CM_MLO.jpg,0.61974727033745,0.1764520243099387,0.11334769198735051,0.057501854478728805,0.0228263557215549,0.007626137088273187,0.0019943780013274163,0.0004424721177496389,5.856248617274632e-05,3.253471454041462e-06
lbp_P142_R_CM_CC.jpg,0.647816091954023,0.18215256008359457,0.10252873563218391,0.04493207941483804,0.016217345872518288,0.005391849529780565,0.0007523510971786833,0.00012539184952978057,8.359456635318704e-05,0.0
lbp_P142_R_CM_MLO.jpg,0.6499071613208578,0.18611424618633268,0.10041140277423817,0.0422324971784323,0.0161648523682965,0.0038227691411512,0.0012014417300760913,3.640732515382095e-05,0.00010922197546146284,0.0
lbp_P143_L_CM_CC.jpg,0.6192450620419016,0.1773668478939612,0.11349879690609206,0.05651904829304981,0.023035015999622557,0.007759747558427069,0.0021480846245431158,0.0003580141040905193,6.383197204714685e-05,5.550606264969292e-06
lbp_P143_L_CM_MLO.jpg,0.6193523989843772,0.17763880563994783,0.11258543913852138,0.05714293064284189,0.02316535769318828,0.007666048409294955,0.002011694582573374,0.00038330242046474773,4.8877489857920855e-05,5.144998932412722e-06
lbp_P143_R_CM_CC.jpg,0.6202114379897109,0.1781883517720286,0.11209469862516747,0.056972854698510905,0.022989096746734307,0.007149814756097909,0.001942418711205185,0.0003999097346598911,4.570396967541612e-05,5.712996209427015e-06
lbp_P143_R_CM_MLO.jpg,0.6197128465741719,0.1774049380495154,0.11345877088439657,0.056545276697173436,0.02295316048660925,0.007547053135751388,0.0018635740145263205,0.00044129882395268827,6.464887229880146e-05,8.432461604191496e-06
lbp_P144_L_CM_CC.jpg,0.6196599072474311,0.1770573792852596,0.11225788851504956,0.0572610712012367,0.023279076111666817,0.007874874965899791,0.0021733199963626442,0.00039101573156315357,4.546694553059925e-05,0.0
lbp_P144_L_CM_MLO.jpg,0.6184098834191354,0.17611710605866296,0.114791540711699,0.05705683698831748,0.023236783125393134,0.007761879461859309,0.0020824554653768876,0.0004641249717555527,7.328289027719254e-05,6.1069075230993775e-06
lbp_P144_R_CM_CC.jpg,0.61968730964467,0.17676345177664973,0.11331573604060914,0.05703959390862944,0.02315532994923858,0.007634517766497462,0.0018030456852791879,0.0005197969543147208,4.8730964467005076e-05,3.248730964467005e-05
lbp_P144_R_CM_MLO.jpg,0.6222188724751281,0.17807255552205808,0.11110441161692292,0.05629584966335042,0.02227916792282183,0.007456537031454125,0.0021304391518440356,0.00041201889257361067,3.0147723846849564e-05,0.0
lbp_P145_L_CM_CC.jpg,0.6208050916139873,0.17776322274818807,0.11219612240779885,0.0565429819947668,0.022987022867936264,0.007208047608178603,0.00203108822001912,0.00039033942990595466,5.954330286701003e-05,1.653980635194723e-05
lbp_P145_L_CM_MLO.jpg,0.6191570682663281,0.17810139538499412,0.11281499812134796,0.0568648536594846,0.022994700905639844,0.007584571732117176,0.00200821424406929,0.00040423409299975385,6.478110464739645e-05,5.182488371791716e-06
lbp_P145_R_CM_CC.jpg,0.6204217997104132,0.17807507892425645,0.1118439792067222,0.05697678558712526,0.02278121958745757,0.007290108951078829,0.0021036578129079732,0.00044506159652495905,5.637446889316148e-05,5.934154620332787e-06
lbp_P145_R_CM_MLO.jpg,0.6189689905388069,0.1775978191148172,0.1142484164528544,0.056095654265554844,0.023004029025016037,0.007511826491340603,0.0020546023091725465,0.0004334709749839641,7.266276459268761e-05,1.252806286080821e-05
lbp_P146_L_CM_CC.jpg,0.6203842175262302,0.1766986847938525,0.11296290823112162,0.05676370622136841,0.023121028520762525,0.007566129747303089,0.0020067976946948427,0.0004462834343135806,4.7288310920644305e-05,2.955519432540269e-06
lbp_P146_L_CM_MLO.jpg,0.6190967156242908,0.17824790065817203,0.11309859611581234,0.056285056576856986,0.02337969717602049,0.0074733326848879815,0.0019485782835651526,0.00041176279869014037,3.890672113607626e-05,1.945336056803813e-05
lbp_P146_R_CM_CC.jpg,0.6206319940350844,0.1767075038762592,0.11320548697358528,0.056354725292552275,0.02325755519574719,0.007337594878658269,0.0020652584224794958,0.00035252900564982325,6.86339657017355e-05,1.87183542822915e-05
lbp_P146_R_CM_MLO.jpg,0.6204617300507711,0.1761243893093208,0.11336394769613947,0.05684811763578887,0.022939817032282785,0.007672550052687039,0.0020655714148864832,0.00046699875466998757,5.388447169269087e-05,2.9935817607050485e-06
lbp_P147_R_CM_CC.jpg,0.6182981075461269,0.17766430658279156,0.11473166109546495,0.05678113637474572,0.023000477531575365,0.0072456956356622085,0.0018236442051355324,0.0003797692056055439,6.392154945835887e-05,1.1280273433828036e-05
lbp_P147_R_CM_MLO.jpg,0.6211082544014628,0.17767780783429535,0.11270479167616172,0.05605078806759231,0.022552218358663917,0.007538853783233825,0.0018739896139688633,0.0004155484837842258,6.702394899745577e-05,1.0723831839592924e-05
lbp_P148_L_CM_CC.jpg,0.6207044112960743,0.17800877099804246,0.11293039348093294,0.05583999757204206,0.022631602907479627,0.0074234813881849495,0.002015205086571875,0.0003672286377638507,6.9803790649327e-05,9.10484225860787e-06
lbp_P148_L_CM_MLO.jpg,0.6188271759236115,0.17829325601159826,0.11312053192021197,0.05732890066490026,0.02255411688246763,0.007403889416587512,0.001969704544318352,0.00043743438484227366,5.4991751237314403e-05,9.998500224966255e-06
lbp_P148_R_CM_CC.jpg,0.6212189394857238,0.17688411190150638,0.11309863786627897,0.05646999094218576,0.022684920758548673,0.007303944476175641,0.0018548326612089008,0.0004009669360933705,7.211635541247671e-05,1.1538616865996274e-05
lbp_P148_R_CM_MLO.jpg,0.6201360457429165,0.17725960032938612,0.11257408288004082,0.05686549680472275,0.023152712216281415,0.007634451003815775,0.0019339836002829937,0.0003740388072511337,6.378956402732513e-05,5.799051275211375e-06
lbp_P149_L_CM_CC.jpg,0.6202819700241585,0.17699848958938466,0.11380563379153129,0.05632589613022384,0.022808402209927043,0.0074358676447610385,0.001862973305395411,0.00041666499733574786,4.807673046181706e-05,1.6025576820605688e-05
lbp_P149_L_CM_MLO.jpg,0.618846202773184,0.17700117669507695,0.11347951914514692,0.05711343976593309,0.02305686299452996,0.007934741127083068,0.0020671670270957896,0.0004452359750667854,4.770385447144129e-05,7.950642411906882e-06
lbp_P149_R_CM_CC.jpg,0.6210361735314531,0.17808392975752466,0.1123379579530274,0.05612979782525953,0.022736262342062646,0.007332472591851813,0.0019180106423469883,0.0003470330539655057,6.343614964960856e-05,1.4926152858731426e-05
lbp_P149_R_CM_MLO.jpg,0.6184991459580889,0.17808933876552727,0.11307249054572281,0.057141053163278194,0.023295073141877298,0.007187909159184108,0.00222316746532324,0.0004087437940728827,7.975488664836735e-05,3.3231202770153065e-06
lbp_P14_L_CM_CC.jpg,0.6482791754018169,0.18273934311670162,0.10239779874213836,0.045029699510831585,0.015810621942697414,0.004564116002795248,0.0009827044025157233,0.00015286512928022362,4.367575122292103e-05,0.0
lbp_P14_L_CM_MLO.jpg,0.6477857444116406,0.18340362716153522,0.10381695487136229,0.04445381695487136,0.014761703922395614,0.004555040067482075,0.0009911429776465626,0.0001687051876845213,6.326444538169548e-05,0.0
lbp_P14_R_CM_CC.jpg,0.6526254082572649,0.18203388884236385,0.1036205789576529,0.04123049437512213,0.015241604555732351,0.004047678865533317,0.000977025933059766,0.00022332021327080368,0.0,0.0
lbp_P14_R_CM_MLO.jpg,0.6542637321395062,0.18395303326810175,0.1004476851727743,0.04203415274910865,0.013832667613864837,0.004369621746240249,0.0008310323566469185,0.0002680749537570705,0.0,0.0
lbp_P150_L_CM_CC.jpg,0.6195115394280839,0.17824895242214028,0.11309749925486094,0.056087055619517386,0.02320158495461957,0.007556586737109094,0.001928595222928075,0.00031558830920641227,4.090959563786826e-05,1.1688455896533788e-05
lbp_P150_L_CM_MLO.jpg,0.6194268393496831,0.17740883622669237,0.11285018829797006,0.057366583999265176,0.02292642601267567,0.007692660971801231,0.0018600165334802976,0.0004041517406080647,5.970423440800955e-05,4.592633416000735e-06
lbp_P150_R_CM_CC.jpg,0.6199439190800005,0.1772622520916821,0.11274081305981587,0.05684153166755594,0.023198655874306084,0.007628821506011103,0.0019128815829804625,0.00039733445343807826,7.379068420992882e-05,0.0
lbp_P150_R_CM_MLO.jpg,0.6208233238698406,0.1767170779646211,0.11276115600203829,0.05719953410497197,0.02283067627575162,0.00728870932518017,0.0018290019654946495,0.0004458761010409842,9.099512266142535e-05,1.3649268399213801e-05
lbp_P151_L_CM_CC.jpg,0.6521298745146588,0.18642732541781554,0.09881267233132632,0.042653761746665915,0.014574306454335715,0.004501716279331495,0.0007878003488830116,0.00011254290698328738,0.0,0.0
lbp_P152_L_CM_CC.jpg,0.6211344884730021,0.17712987416043519,0.11142276589390594,0.056794692369402655,0.02315354300738407,0.007823250748069074,0.0020026584998799578,0.00042746804237203776,0.00011125880554888653,0.0
lbp_P152_L_CM_MLO.jpg,0.6201870989764469,0.17698712272248304,0.11322406858646773,0.0563176823868724,0.022924819060151678,0.007613572838492325,0.0021618787072262154,0.00046997363200569907,0.00010883599899079346,4.947090863217885e-06
lbp_P152_R_CM_CC.jpg,0.6189596557077446,0.17631713404209326,0.11443983728653684,0.05702340479886808,0.023404798868080258,0.0074626132411028355,0.0019160099829032956,0.00040776622713070134,5.404130721009295e-05,1.473853833002535e-05
lbp_P153_L_CM_CC.jpg,0.6204239435335153,0.17757001029939426,0.11293074491536924,0.05661552561390396,0.02255856529215355,0.00739420875960146,0.002071001310225319,0.0003803879957556708,4.893880647148981e-05,6.67347360974861e-06
lbp_P153_L_CM_MLO.jpg,0.6195445393137133,0.17761220488587023,0.1136852521649861,0.05660846626643418,0.02256665617136794,0.007540739839183801,0.0019579464845600044,0.00040481866505091986,7.408446157794612e-05,5.2917472555675795e-06
lbp_P153_R_CM_MLO.jpg,0.6205858882765921,0.17651610615094027,0.1140018324122014,0.05610620467668134,0.02253974480570251,0.007649380553324001,0.002017802878660458,0.0005212433534755378,5.10496067836867e-05,1.0747285638670882e-05
lbp_P154_L_CM_CC.jpg,0.6191499156053398,0.17736688660426578,0.11315405861592757,0.0569894123062759,0.02297069203621298,0.007940770293079638,0.002006291238299831,0.00035675924505140403,4.986957188890594e-05,1.5344483658124903e-05
lbp_P154_L_CM_MLO.jpg,0.6213162972816006,0.17706877494051745,0.11230679880847556,0.05604286490435956,0.023283436686213164,0.007452648144331829,0.0020008617944058302,0.0004421379995128988,7.868557618449894e-05,7.493864398523709e-06
lbp_P154_R_CM_CC.jpg,0.6192232985480001,0.17798333797784774,0.11285754095837822,0.05704850120826696,0.022697118044146456,0.0075865023479060175,0.0020921111189675036,0.0004200859304487433,8.318533276212738e-05,8.318533276212738e-06
